((("out" .
   [1 0 0])
  ("out_data" .
   [2 0 0 0 0 0 0 0])
  ("subsection" .
   [0 0 0 0 0 0 1 0 0 0])
  ("に表す。" .
   [1 0 0 0])
  ("ref" .
   [1 0 0])
  ("fig" .
   [2 0 0])
  ("cite" .
   [1 0 0 0])
  ("v" .
   [1])
  ("vector" .
   [1 0 0 0 0 0])
  ("mean" .
   [3 0 1 0])
  ("r" .
   [1])
  ("in" .
   [1 0])
  ("ix" .
   [4 0])
  ("h" .
   [1])
  ("grid_size" .
   [1 0 1 4 1 0 0 0 0])
  ("iy" .
   [4 0])
  ("rows" .
   [1 0 0 0])
  ("float32" .
   [1 0 0 0 0 0 0])
  ("astype" .
   [0 0 0 0 1 0])
  ("h_conv3" .
   [1 0 0 0 0 0 0])
  ("h_conv2" .
   [1 0 0 0 0 0 0])
  ("get" .
   [1 0 0])
  ("h_conv1" .
   [1 0 0 0 0 0 0])
  ("reshape" .
   [0 0 0 0 0 1 0])
  ("re" .
   [2 0])
  ("h_conv4" .
   [2 0 0 0 0 3 0])
  ("y_" .
   [4 0])
  ("truncated_normal" .
   [0 0 0 0 1 0 0 0 0 0 0 0 0 0 0 0])
  ("osize" .
   [8 0 0 0 0])
  ("tf" .
   [2 0])
  ("sess" .
   [1 0 1 0])
  ("train_i" .
   [5 0 0 0 0 0 0])
  ("run" .
   [3 0 0])
  ("train_step" .
   [0 0 0 0 0 0 0 2 1 0])
  ("l2_loss" .
   [1 0 0 1 0 2 0])
  ("reduce_sum" .
   [0 0 0 1 0 0 0 0 0 0])
  ("loss" .
   [8 0 0 0])
  ("varr" .
   [2 0 0 0])
  ("varb" .
   [4 0 0 0])
  ("varg" .
   [4 0 0 0])
  ("var" .
   [7 0 0])
  ("map" .
   [4 0 0])
  ("depth" .
   [3 0 0 0 0])
  ("fnmatch" .
   [0 0 1 1 0 0 0])
  ("files" .
   [3 0 1 0 0])
  ("train" .
   [6 0 2 0 1])
  ("return" .
   [0 0 2 4 0 0])
  ("endl" .
   [5 0 0 0])
  ("cout" .
   [4 0 0 0])
  ("std" .
   [14 0 0])
  ("p" .
   [3])
  ("c" .
   [2])
  ("i" .
   [11])
  ("include" .
   [1 0 0 0 0 0 0])
  ("contour" .
   [3 0 0 1 0 0 0])
  ("st" .
   [1 0])
  ("/usr/local/cuda-7.0/lib64:" .
   [0 0 0 0 0 0 0 1 0 0 0 0 0 0 0 0 0 0 0 0 0 0 0 0 0 0])
  ("ply_point" .
   [1 0 0 0 1 0 0 0 0])
  ("rn" .
   [3 0])
  ("cv" .
   [10 0])
  ("plane" .
   [1 0 0 0 0])
  ("img_size" .
   [6 0 0 0 0 0 0 0])
  ("Mat" .
   [6 0 0])
  ("img" .
   [15 0 1])
  ("initVspace" .
   [0 0 0 1 0 0 0 0 0 0])
  ("vspace" .
   [1 0 0 0 0 0])
  ("contour_list" .
   [1 0 0 1 0 0 0 0 0 0 0 0])
  ("g" .
   [2])
  ("gn" .
   [2 0])
  ("bn" .
   [1 0])
  ("t" .
   [1])
  ("d" .
   [1])
  ("vimg" .
   [2 0 0 0])
  ("data" .
   [9 0 0 0])
  ("f" .
   [4])
  ("string" .
   [1 0 0 0 0 0])
  ("file" .
   [3 0 0 0])
  ("pow" .
   [1 0 0])
  ("at" .
   [2 0])
  ("pt" .
   [1 0])
  ("imwrite" .
   [0 0 0 1 0 0 0])
  ("keypoint" .
   [1 0 0 0 0 0 0 0])
  ("size" .
   [5 0 0 0])
  ("shape" .
   [6 0 0 0 0])
  ("np" .
   [20 0])
  ("random" .
   [1 0 0 0 0 0])
  ("window" .
   [2 0 0 2 0 0])
  ("select_files" .
   [0 0 0 0 2 0 0 0 0 0 0 0])
  ("tdatas" .
   [1 0 0 0 0 0])
  ("select_window" .
   [0 0 0 0 1 0 0 0 0 0 0 0 0])
  ("ldatas" .
   [1 0 0 0 0 0])
  ("lsize" .
   [3 0 0 0 0])
  ("truth" .
   [3 0 0 2 0])
  ("append" .
   [3 0 0 1 2 0])
  ("l_rgb" .
   [3 0 2 3 0])
  ("l_d" .
   [7 0 0])
  ("extend" .
   [0 0 0 1 0 0])
  ("tsize" .
   [4 0 0 0 0])
  ("t_mesh" .
   [6 0 0 0 0 0])
  ("train_o" .
   [3 0 0 0 0 0 0])
  ("d2m" .
   [2 0 0])
  ("init_data" .
   [0 0 0 1 0 0 0 0 0])
  ("isize" .
   [2 0 0 0 0])
  ("rgb_img" .
   [0 0 0 0 1 0 0])
  ("d_img" .
   [1 0 0 0 0])
  ("save" .
   [1 0 0 0])
  ("img1" .
   [1 0 0 0])
  ("array" .
   [7 0 0 0 0])
  ("no" .
   [1 0])
  ("count" .
   [3 0 0 0 0])
  ("print" .
   [0 0 0 1 0])
  ("chainer" .
   [0 0 1 1 0 0 0])
  ("cuda" .
   [1 0 0 0])
  ("numpy" .
   [1 0 0 0 0])
  ("model" .
   [3 0 0 0 0])
  ("impoer" .
   [1 0 0 0 0 0])
  ("pickle" .
   [0 0 0 0 1 0])
  ("datas" .
   [1 0 0 0 0])
  ("data2matrix" .
   [0 0 1 0 0 0 0 0 0 0 0])
  ("in_data" .
   [7 0 0 1 0 0 0])
  ("io" .
   [1 0])
  ("fmatch" .
   [0 0 0 1 0 0])
  ("rgb" .
   [1 0 0])
  ("fill_files" .
   [0 0 0 0 0 0 0 1 0 0])
  ("rgb_files" .
   [0 0 0 0 1 0 0 0 0])
  ("CNN" .
   [2 0 0])
  ("test_i" .
   [0 0 0 2 0 0])
  ("test_o" .
   [1 0 0 0 0 0])
  ("Variable" .
   [0 0 1 0 0 0 0 0])
  ("distz" .
   [4 0 0 0 0])
  ("cz" .
   [2 0])
  ("length" .
   [0 0 1 0 0 0])
  ("cx" .
   [1 0])
  ("transpose" .
   [1 0 0 0 0 0 0 0 0])
  ("mdepth" .
   [2 0 0 0 1 0])))
